TABLE NO.     1: MCMC Bayesian Analysis: Problem=1 Subproblem=0 Superproblem1=0 Iteration1=0 Superproblem2=0 Iteration2=0
 NAME         THETA1       THETA2       THETA3       THETA4       THETA5       THETA6       THETA7       THETA8       SIGMA(1,1)   OMEGA(1,1)   OMEGA(2,1)   OMEGA(2,2)   OMEGA(3,1)   OMEGA(3,2)   OMEGA(3,3)   OMEGA(4,1)   OMEGA(4,2)   OMEGA(4,3)   OMEGA(4,4)   OMEGA(5,1)   OMEGA(5,2)   OMEGA(5,3)   OMEGA(5,4)   OMEGA(5,5)
 THETA1        1.04485E+03 -6.42233E+02 -5.61708E+02 -1.48709E+02  9.30852E+02  5.20109E+01 -7.67141E+01  1.20693E+02 -1.33400E+03 -2.09925E+02  5.33800E+02  5.44787E+00  2.58555E+02  1.30360E+03 -1.82088E+03  0.00000E+00  0.00000E+00  0.00000E+00  0.00000E+00  0.00000E+00  0.00000E+00  0.00000E+00  0.00000E+00  0.00000E+00
 THETA2       -6.42233E+02  2.23467E+03 -6.02253E+02  6.96887E+02  4.62099E+02  2.79951E+02 -9.58265E+01 -7.43160E+01  5.66127E+03  8.19921E+02 -8.44213E+02 -2.11381E+02 -1.04221E+03  1.37668E+03  2.86489E+02  0.00000E+00  0.00000E+00  0.00000E+00  0.00000E+00  0.00000E+00  0.00000E+00  0.00000E+00  0.00000E+00  0.00000E+00
 THETA3       -5.61708E+02 -6.02253E+02  2.77147E+03 -4.41762E+02 -1.14455E+03 -2.22189E+02 -5.69228E+01 -3.34569E+02  5.38103E+02 -4.20504E+02  1.06247E+03 -2.81956E+02  6.47768E+02 -2.16299E+03  1.21828E+03  0.00000E+00  0.00000E+00  0.00000E+00  0.00000E+00  0.00000E+00  0.00000E+00  0.00000E+00  0.00000E+00  0.00000E+00
 THETA4       -1.48709E+02  6.96887E+02 -4.41762E+02  2.01552E+03 -1.19995E+02  2.77749E+01 -1.79058E+01  4.42711E+01 -1.61082E+03  5.41977E+02 -1.88027E+03 -3.04617E+02 -4.83137E+02  4.97728E+02  4.20519E+02  0.00000E+00  0.00000E+00  0.00000E+00  0.00000E+00  0.00000E+00  0.00000E+00  0.00000E+00  0.00000E+00  0.00000E+00
 THETA5        9.30852E+02  4.62099E+02 -1.14455E+03 -1.19995E+02  2.01949E+03  2.34901E+02 -1.18952E+02  9.12515E+01 -4.75532E+02  6.20294E+02 -1.26466E+03  5.94324E+02  9.52685E+02  1.57025E+03 -2.42304E+03  0.00000E+00  0.00000E+00  0.00000E+00  0.00000E+00  0.00000E+00  0.00000E+00  0.00000E+00  0.00000E+00  0.00000E+00
 THETA6        5.20109E+01  2.79951E+02 -2.22189E+02  2.77749E+01  2.34901E+02  4.53651E+02 -5.17308E+00 -6.45996E+01 -4.53928E+03  3.73173E+02 -1.72045E+01 -2.90006E+02 -8.97463E+02  8.69245E+02 -3.94018E+02  0.00000E+00  0.00000E+00  0.00000E+00  0.00000E+00  0.00000E+00  0.00000E+00  0.00000E+00  0.00000E+00  0.00000E+00
 THETA7       -7.67141E+01 -9.58265E+01 -5.69228E+01 -1.79058E+01 -1.18952E+02 -5.17308E+00  2.11525E+02  4.01769E+01 -1.93587E+03 -1.47833E+01 -8.29564E+01  3.16989E+02  1.07299E+02 -1.06498E+03  4.56929E+02  0.00000E+00  0.00000E+00  0.00000E+00  0.00000E+00  0.00000E+00  0.00000E+00  0.00000E+00  0.00000E+00  0.00000E+00
 THETA8        1.20693E+02 -7.43160E+01 -3.34569E+02  4.42711E+01  9.12515E+01 -6.45996E+01  4.01769E+01  2.04591E+02 -8.46672E+02 -1.43431E+02  1.55605E+02 -1.27384E+01  5.08474E+01  4.64461E+01 -3.96889E+01  0.00000E+00  0.00000E+00  0.00000E+00  0.00000E+00  0.00000E+00  0.00000E+00  0.00000E+00  0.00000E+00  0.00000E+00
 SIGMA(1,1)   -1.33400E+03  5.66127E+03  5.38103E+02 -1.61082E+03 -4.75532E+02 -4.53928E+03 -1.93587E+03 -8.46672E+02  7.85612E+05 -4.41306E+03 -1.87396E+04  1.35300E+04  3.03008E+04  2.89212E+03 -9.64074E+03  0.00000E+00  0.00000E+00  0.00000E+00  0.00000E+00  0.00000E+00  0.00000E+00  0.00000E+00  0.00000E+00  0.00000E+00
 OMEGA(1,1)   -2.09925E+02  8.19921E+02 -4.20504E+02  5.41977E+02  6.20294E+02  3.73173E+02 -1.47833E+01 -1.43431E+02 -4.41306E+03  2.92268E+03 -5.35808E+03  1.28473E+03 -2.35408E+03  2.63814E+03  6.66551E+01  0.00000E+00  0.00000E+00  0.00000E+00  0.00000E+00  0.00000E+00  0.00000E+00  0.00000E+00  0.00000E+00  0.00000E+00
 OMEGA(2,1)    5.33800E+02 -8.44213E+02  1.06247E+03 -1.88027E+03 -1.26466E+03 -1.72045E+01 -8.29564E+01  1.55605E+02 -1.87396E+04 -5.35808E+03  2.10818E+04 -1.30980E+04 -5.27344E+03  2.36356E+03  1.19140E+03  0.00000E+00  0.00000E+00  0.00000E+00  0.00000E+00  0.00000E+00  0.00000E+00  0.00000E+00  0.00000E+00  0.00000E+00
 OMEGA(2,2)    5.44787E+00 -2.11381E+02 -2.81956E+02 -3.04617E+02  5.94324E+02 -2.90006E+02  3.16989E+02 -1.27384E+01  1.35300E+04  1.28473E+03 -1.30980E+04  1.70076E+04  9.91567E+03 -1.50515E+04  1.28784E+03  0.00000E+00  0.00000E+00  0.00000E+00  0.00000E+00  0.00000E+00  0.00000E+00  0.00000E+00  0.00000E+00  0.00000E+00
 OMEGA(3,1)    2.58555E+02 -1.04221E+03  6.47768E+02 -4.83137E+02  9.52685E+02 -8.97463E+02  1.07299E+02  5.08474E+01  3.03008E+04 -2.35408E+03 -5.27344E+03  9.91567E+03  1.64988E+04 -1.56931E+04 -2.93571E+03  0.00000E+00  0.00000E+00  0.00000E+00  0.00000E+00  0.00000E+00  0.00000E+00  0.00000E+00  0.00000E+00  0.00000E+00
 OMEGA(3,2)    1.30360E+03  1.37668E+03 -2.16299E+03  4.97728E+02  1.57025E+03  8.69245E+02 -1.06498E+03  4.64461E+01  2.89212E+03  2.63814E+03  2.36356E+03 -1.50515E+04 -1.56931E+04  4.66413E+04 -1.63164E+04  0.00000E+00  0.00000E+00  0.00000E+00  0.00000E+00  0.00000E+00  0.00000E+00  0.00000E+00  0.00000E+00  0.00000E+00
 OMEGA(3,3)   -1.82088E+03  2.86489E+02  1.21828E+03  4.20519E+02 -2.42304E+03 -3.94018E+02  4.56929E+02 -3.96889E+01 -9.64074E+03  6.66551E+01  1.19140E+03  1.28784E+03 -2.93571E+03 -1.63164E+04  1.97934E+04  0.00000E+00  0.00000E+00  0.00000E+00  0.00000E+00  0.00000E+00  0.00000E+00  0.00000E+00  0.00000E+00  0.00000E+00
 OMEGA(4,1)    0.00000E+00  0.00000E+00  0.00000E+00  0.00000E+00  0.00000E+00  0.00000E+00  0.00000E+00  0.00000E+00  0.00000E+00  0.00000E+00  0.00000E+00  0.00000E+00  0.00000E+00  0.00000E+00  0.00000E+00  0.00000E+00  0.00000E+00  0.00000E+00  0.00000E+00  0.00000E+00  0.00000E+00  0.00000E+00  0.00000E+00  0.00000E+00
 OMEGA(4,2)    0.00000E+00  0.00000E+00  0.00000E+00  0.00000E+00  0.00000E+00  0.00000E+00  0.00000E+00  0.00000E+00  0.00000E+00  0.00000E+00  0.00000E+00  0.00000E+00  0.00000E+00  0.00000E+00  0.00000E+00  0.00000E+00  0.00000E+00  0.00000E+00  0.00000E+00  0.00000E+00  0.00000E+00  0.00000E+00  0.00000E+00  0.00000E+00
 OMEGA(4,3)    0.00000E+00  0.00000E+00  0.00000E+00  0.00000E+00  0.00000E+00  0.00000E+00  0.00000E+00  0.00000E+00  0.00000E+00  0.00000E+00  0.00000E+00  0.00000E+00  0.00000E+00  0.00000E+00  0.00000E+00  0.00000E+00  0.00000E+00  0.00000E+00  0.00000E+00  0.00000E+00  0.00000E+00  0.00000E+00  0.00000E+00  0.00000E+00
 OMEGA(4,4)    0.00000E+00  0.00000E+00  0.00000E+00  0.00000E+00  0.00000E+00  0.00000E+00  0.00000E+00  0.00000E+00  0.00000E+00  0.00000E+00  0.00000E+00  0.00000E+00  0.00000E+00  0.00000E+00  0.00000E+00  0.00000E+00  0.00000E+00  0.00000E+00  0.00000E+00  0.00000E+00  0.00000E+00  0.00000E+00  0.00000E+00  0.00000E+00
 OMEGA(5,1)    0.00000E+00  0.00000E+00  0.00000E+00  0.00000E+00  0.00000E+00  0.00000E+00  0.00000E+00  0.00000E+00  0.00000E+00  0.00000E+00  0.00000E+00  0.00000E+00  0.00000E+00  0.00000E+00  0.00000E+00  0.00000E+00  0.00000E+00  0.00000E+00  0.00000E+00  0.00000E+00  0.00000E+00  0.00000E+00  0.00000E+00  0.00000E+00
 OMEGA(5,2)    0.00000E+00  0.00000E+00  0.00000E+00  0.00000E+00  0.00000E+00  0.00000E+00  0.00000E+00  0.00000E+00  0.00000E+00  0.00000E+00  0.00000E+00  0.00000E+00  0.00000E+00  0.00000E+00  0.00000E+00  0.00000E+00  0.00000E+00  0.00000E+00  0.00000E+00  0.00000E+00  0.00000E+00  0.00000E+00  0.00000E+00  0.00000E+00
 OMEGA(5,3)    0.00000E+00  0.00000E+00  0.00000E+00  0.00000E+00  0.00000E+00  0.00000E+00  0.00000E+00  0.00000E+00  0.00000E+00  0.00000E+00  0.00000E+00  0.00000E+00  0.00000E+00  0.00000E+00  0.00000E+00  0.00000E+00  0.00000E+00  0.00000E+00  0.00000E+00  0.00000E+00  0.00000E+00  0.00000E+00  0.00000E+00  0.00000E+00
 OMEGA(5,4)    0.00000E+00  0.00000E+00  0.00000E+00  0.00000E+00  0.00000E+00  0.00000E+00  0.00000E+00  0.00000E+00  0.00000E+00  0.00000E+00  0.00000E+00  0.00000E+00  0.00000E+00  0.00000E+00  0.00000E+00  0.00000E+00  0.00000E+00  0.00000E+00  0.00000E+00  0.00000E+00  0.00000E+00  0.00000E+00  0.00000E+00  0.00000E+00
 OMEGA(5,5)    0.00000E+00  0.00000E+00  0.00000E+00  0.00000E+00  0.00000E+00  0.00000E+00  0.00000E+00  0.00000E+00  0.00000E+00  0.00000E+00  0.00000E+00  0.00000E+00  0.00000E+00  0.00000E+00  0.00000E+00  0.00000E+00  0.00000E+00  0.00000E+00  0.00000E+00  0.00000E+00  0.00000E+00  0.00000E+00  0.00000E+00  0.00000E+00
