TABLE NO.     1: MCMC Bayesian Analysis: Problem=1 Subproblem=0 Superproblem1=0 Iteration1=0 Superproblem2=0 Iteration2=0
 NAME         THETA1       THETA2       THETA3       THETA4       THETA5       THETA6       THETA7       THETA8       SIGMA(1,1)   OMEGA(1,1)   OMEGA(2,1)   OMEGA(2,2)   OMEGA(3,1)   OMEGA(3,2)   OMEGA(3,3)   OMEGA(4,1)   OMEGA(4,2)   OMEGA(4,3)   OMEGA(4,4)   OMEGA(5,1)   OMEGA(5,2)   OMEGA(5,3)   OMEGA(5,4)   OMEGA(5,5)
 THETA1        2.96629E-02  1.57968E-02  3.12961E-04 -9.35811E-03 -1.78474E-02 -1.11381E-03  4.01742E-03 -1.39151E-03 -2.06150E-04 -3.36687E-03 -6.06136E-03 -5.61067E-03  1.42348E-03 -1.20497E-03  2.35857E-04  0.00000E+00  0.00000E+00  0.00000E+00  0.00000E+00  0.00000E+00  0.00000E+00  0.00000E+00  0.00000E+00  0.00000E+00
 THETA2        1.57968E-02  9.17665E-03  2.79137E-04 -5.36569E-03 -9.54985E-03 -8.49645E-04  2.22046E-03 -4.73123E-04 -1.19983E-04 -2.36576E-03 -3.51416E-03 -3.14604E-03  6.21187E-04 -7.27564E-04  3.71506E-05  0.00000E+00  0.00000E+00  0.00000E+00  0.00000E+00  0.00000E+00  0.00000E+00  0.00000E+00  0.00000E+00  0.00000E+00
 THETA3        3.12961E-04  2.79137E-04  7.51888E-04 -6.49032E-06  2.44845E-04  2.12430E-04  3.83774E-04  9.45809E-04  7.82525E-07 -3.52285E-04 -1.69832E-04 -4.29016E-05 -1.25490E-04 -1.87977E-05 -1.36777E-05  0.00000E+00  0.00000E+00  0.00000E+00  0.00000E+00  0.00000E+00  0.00000E+00  0.00000E+00  0.00000E+00  0.00000E+00
 THETA4       -9.35811E-03 -5.36569E-03 -6.49032E-06  3.95604E-03  5.75296E-03  3.92102E-04 -9.56619E-04  2.33527E-04  7.41353E-05  1.77060E-03  2.42664E-03  2.12693E-03 -2.65524E-04  5.26481E-04  8.04618E-06  0.00000E+00  0.00000E+00  0.00000E+00  0.00000E+00  0.00000E+00  0.00000E+00  0.00000E+00  0.00000E+00  0.00000E+00
 THETA5       -1.78474E-02 -9.54985E-03  2.44845E-04  5.75296E-03  1.19120E-02  3.96514E-04 -1.82772E-03  5.10534E-04  1.28312E-04  1.22558E-03  3.41194E-03  3.34378E-03 -1.19052E-03  6.64638E-04 -1.24853E-04  0.00000E+00  0.00000E+00  0.00000E+00  0.00000E+00  0.00000E+00  0.00000E+00  0.00000E+00  0.00000E+00  0.00000E+00
 THETA6       -1.11381E-03 -8.49645E-04  2.12430E-04  3.92102E-04  3.96514E-04  3.58550E-03 -3.92207E-04  1.52384E-03  2.06007E-05 -3.64401E-05  1.75174E-04  1.68826E-04  2.19262E-04  1.48879E-04  1.64328E-04  0.00000E+00  0.00000E+00  0.00000E+00  0.00000E+00  0.00000E+00  0.00000E+00  0.00000E+00  0.00000E+00  0.00000E+00
 THETA7        4.01742E-03  2.22046E-03  3.83774E-04 -9.56619E-04 -1.82772E-03 -3.92207E-04  6.96131E-03 -1.42627E-03 -1.79311E-05 -4.52696E-04 -6.40903E-04 -6.19754E-04  3.37704E-04  1.03269E-04  1.45939E-04  0.00000E+00  0.00000E+00  0.00000E+00  0.00000E+00  0.00000E+00  0.00000E+00  0.00000E+00  0.00000E+00  0.00000E+00
 THETA8       -1.39151E-03 -4.73123E-04  9.45809E-04  2.33527E-04  5.10534E-04  1.52384E-03 -1.42627E-03  7.90254E-03  2.01898E-05  6.76328E-04  2.81338E-04  2.01024E-04  3.06904E-05  1.18380E-05 -5.08825E-05  0.00000E+00  0.00000E+00  0.00000E+00  0.00000E+00  0.00000E+00  0.00000E+00  0.00000E+00  0.00000E+00  0.00000E+00
 SIGMA(1,1)   -2.06150E-04 -1.19983E-04  7.82525E-07  7.41353E-05  1.28312E-04  2.06007E-05 -1.79311E-05  2.01898E-05  3.16816E-06  3.53557E-05  4.91431E-05  4.29827E-05 -1.24094E-05  7.68370E-06 -2.11639E-06  0.00000E+00  0.00000E+00  0.00000E+00  0.00000E+00  0.00000E+00  0.00000E+00  0.00000E+00  0.00000E+00  0.00000E+00
 OMEGA(1,1)   -3.36687E-03 -2.36576E-03 -3.52285E-04  1.77060E-03  1.22558E-03 -3.64401E-05 -4.52696E-04  6.76328E-04  3.53557E-05  3.79026E-03  2.13757E-03  1.24372E-03  8.14221E-04  4.95231E-04  1.93559E-04  0.00000E+00  0.00000E+00  0.00000E+00  0.00000E+00  0.00000E+00  0.00000E+00  0.00000E+00  0.00000E+00  0.00000E+00
 OMEGA(2,1)   -6.06136E-03 -3.51416E-03 -1.69832E-04  2.42664E-03  3.41194E-03  1.75174E-04 -6.40903E-04  2.81338E-04  4.91431E-05  2.13757E-03  2.03990E-03  1.59457E-03  1.38033E-04  4.70529E-04  8.72243E-05  0.00000E+00  0.00000E+00  0.00000E+00  0.00000E+00  0.00000E+00  0.00000E+00  0.00000E+00  0.00000E+00  0.00000E+00
 OMEGA(2,2)   -5.61067E-03 -3.14604E-03 -4.29016E-05  2.12693E-03  3.34378E-03  1.68826E-04 -6.19754E-04  2.01024E-04  4.29827E-05  1.24372E-03  1.59457E-03  1.46996E-03 -1.29938E-04  3.84790E-04  3.72934E-05  0.00000E+00  0.00000E+00  0.00000E+00  0.00000E+00  0.00000E+00  0.00000E+00  0.00000E+00  0.00000E+00  0.00000E+00
 OMEGA(3,1)    1.42348E-03  6.21187E-04 -1.25490E-04 -2.65524E-04 -1.19052E-03  2.19262E-04  3.37704E-04  3.06904E-05 -1.24094E-05  8.14221E-04  1.38033E-04 -1.29938E-04  6.03276E-04  1.61312E-04  2.00029E-04  0.00000E+00  0.00000E+00  0.00000E+00  0.00000E+00  0.00000E+00  0.00000E+00  0.00000E+00  0.00000E+00  0.00000E+00
 OMEGA(3,2)   -1.20497E-03 -7.27564E-04 -1.87977E-05  5.26481E-04  6.64638E-04  1.48879E-04  1.03269E-04  1.18380E-05  7.68370E-06  4.95231E-04  4.70529E-04  3.84790E-04  1.61312E-04  2.16290E-04  1.22556E-04  0.00000E+00  0.00000E+00  0.00000E+00  0.00000E+00  0.00000E+00  0.00000E+00  0.00000E+00  0.00000E+00  0.00000E+00
 OMEGA(3,3)    2.35857E-04  3.71506E-05 -1.36777E-05  8.04618E-06 -1.24853E-04  1.64328E-04  1.45939E-04 -5.08825E-05 -2.11639E-06  1.93559E-04  8.72243E-05  3.72934E-05  2.00029E-04  1.22556E-04  1.78205E-04  0.00000E+00  0.00000E+00  0.00000E+00  0.00000E+00  0.00000E+00  0.00000E+00  0.00000E+00  0.00000E+00  0.00000E+00
 OMEGA(4,1)    0.00000E+00  0.00000E+00  0.00000E+00  0.00000E+00  0.00000E+00  0.00000E+00  0.00000E+00  0.00000E+00  0.00000E+00  0.00000E+00  0.00000E+00  0.00000E+00  0.00000E+00  0.00000E+00  0.00000E+00  0.00000E+00  0.00000E+00  0.00000E+00  0.00000E+00  0.00000E+00  0.00000E+00  0.00000E+00  0.00000E+00  0.00000E+00
 OMEGA(4,2)    0.00000E+00  0.00000E+00  0.00000E+00  0.00000E+00  0.00000E+00  0.00000E+00  0.00000E+00  0.00000E+00  0.00000E+00  0.00000E+00  0.00000E+00  0.00000E+00  0.00000E+00  0.00000E+00  0.00000E+00  0.00000E+00  0.00000E+00  0.00000E+00  0.00000E+00  0.00000E+00  0.00000E+00  0.00000E+00  0.00000E+00  0.00000E+00
 OMEGA(4,3)    0.00000E+00  0.00000E+00  0.00000E+00  0.00000E+00  0.00000E+00  0.00000E+00  0.00000E+00  0.00000E+00  0.00000E+00  0.00000E+00  0.00000E+00  0.00000E+00  0.00000E+00  0.00000E+00  0.00000E+00  0.00000E+00  0.00000E+00  0.00000E+00  0.00000E+00  0.00000E+00  0.00000E+00  0.00000E+00  0.00000E+00  0.00000E+00
 OMEGA(4,4)    0.00000E+00  0.00000E+00  0.00000E+00  0.00000E+00  0.00000E+00  0.00000E+00  0.00000E+00  0.00000E+00  0.00000E+00  0.00000E+00  0.00000E+00  0.00000E+00  0.00000E+00  0.00000E+00  0.00000E+00  0.00000E+00  0.00000E+00  0.00000E+00  0.00000E+00  0.00000E+00  0.00000E+00  0.00000E+00  0.00000E+00  0.00000E+00
 OMEGA(5,1)    0.00000E+00  0.00000E+00  0.00000E+00  0.00000E+00  0.00000E+00  0.00000E+00  0.00000E+00  0.00000E+00  0.00000E+00  0.00000E+00  0.00000E+00  0.00000E+00  0.00000E+00  0.00000E+00  0.00000E+00  0.00000E+00  0.00000E+00  0.00000E+00  0.00000E+00  0.00000E+00  0.00000E+00  0.00000E+00  0.00000E+00  0.00000E+00
 OMEGA(5,2)    0.00000E+00  0.00000E+00  0.00000E+00  0.00000E+00  0.00000E+00  0.00000E+00  0.00000E+00  0.00000E+00  0.00000E+00  0.00000E+00  0.00000E+00  0.00000E+00  0.00000E+00  0.00000E+00  0.00000E+00  0.00000E+00  0.00000E+00  0.00000E+00  0.00000E+00  0.00000E+00  0.00000E+00  0.00000E+00  0.00000E+00  0.00000E+00
 OMEGA(5,3)    0.00000E+00  0.00000E+00  0.00000E+00  0.00000E+00  0.00000E+00  0.00000E+00  0.00000E+00  0.00000E+00  0.00000E+00  0.00000E+00  0.00000E+00  0.00000E+00  0.00000E+00  0.00000E+00  0.00000E+00  0.00000E+00  0.00000E+00  0.00000E+00  0.00000E+00  0.00000E+00  0.00000E+00  0.00000E+00  0.00000E+00  0.00000E+00
 OMEGA(5,4)    0.00000E+00  0.00000E+00  0.00000E+00  0.00000E+00  0.00000E+00  0.00000E+00  0.00000E+00  0.00000E+00  0.00000E+00  0.00000E+00  0.00000E+00  0.00000E+00  0.00000E+00  0.00000E+00  0.00000E+00  0.00000E+00  0.00000E+00  0.00000E+00  0.00000E+00  0.00000E+00  0.00000E+00  0.00000E+00  0.00000E+00  0.00000E+00
 OMEGA(5,5)    0.00000E+00  0.00000E+00  0.00000E+00  0.00000E+00  0.00000E+00  0.00000E+00  0.00000E+00  0.00000E+00  0.00000E+00  0.00000E+00  0.00000E+00  0.00000E+00  0.00000E+00  0.00000E+00  0.00000E+00  0.00000E+00  0.00000E+00  0.00000E+00  0.00000E+00  0.00000E+00  0.00000E+00  0.00000E+00  0.00000E+00  0.00000E+00
