list(iter_sampling = 100, seed = 3891)
