TABLE NO.     1: MCMC Bayesian Analysis: Problem=1 Subproblem=0 Superproblem1=0 Iteration1=0 Superproblem2=0 Iteration2=0
 NAME         THETA1       THETA2       THETA3       THETA4       THETA5       THETA6       THETA7       THETA8       SIGMA(1,1)   OMEGA(1,1)   OMEGA(2,1)   OMEGA(2,2)   OMEGA(3,1)   OMEGA(3,2)   OMEGA(3,3)   OMEGA(4,1)   OMEGA(4,2)   OMEGA(4,3)   OMEGA(4,4)   OMEGA(5,1)   OMEGA(5,2)   OMEGA(5,3)   OMEGA(5,4)   OMEGA(5,5)
 THETA1        1.14791E+03 -7.29189E+02 -6.96409E+02 -3.09158E+02  1.01842E+03 -7.94893E+01 -7.73197E+01  1.86551E+02 -1.22736E+03 -2.25439E+02  1.13005E+02  7.95945E+02  3.34310E+02  8.06288E+02 -1.59462E+03  0.00000E+00  0.00000E+00  0.00000E+00  0.00000E+00  0.00000E+00  0.00000E+00  0.00000E+00  0.00000E+00  0.00000E+00
 THETA2       -7.29189E+02  1.99675E+03 -3.32654E+02  7.38725E+02  1.11474E+02  3.05236E+02 -2.10755E+01 -1.15100E+02  4.98156E+03  5.35828E+02 -4.32352E+02  1.50985E+02 -8.17870E+02 -4.40227E+02  1.01745E+03  0.00000E+00  0.00000E+00  0.00000E+00  0.00000E+00  0.00000E+00  0.00000E+00  0.00000E+00  0.00000E+00  0.00000E+00
 THETA3       -6.96409E+02 -3.32654E+02  2.80907E+03 -1.71175E+02 -1.07195E+03 -3.29111E+01 -8.85994E+01 -3.99738E+02  2.79290E+03 -2.76590E+02  8.34053E+02 -7.14617E+02  1.37701E+03 -2.33697E+03  8.63105E+02  0.00000E+00  0.00000E+00  0.00000E+00  0.00000E+00  0.00000E+00  0.00000E+00  0.00000E+00  0.00000E+00  0.00000E+00
 THETA4       -3.09158E+02  7.38725E+02 -1.71175E+02  2.68125E+03 -4.76553E+02  1.07795E+02 -4.89665E+01  6.48162E+01 -4.23076E+03  1.80784E+02 -1.72984E+03 -7.77312E+02 -4.59127E+02  1.46469E+03 -4.24659E+01  0.00000E+00  0.00000E+00  0.00000E+00  0.00000E+00  0.00000E+00  0.00000E+00  0.00000E+00  0.00000E+00  0.00000E+00
 THETA5        1.01842E+03  1.11474E+02 -1.07195E+03 -4.76553E+02  1.88574E+03  1.02806E+02 -7.95136E+01  1.70105E+02 -3.24518E+03  4.09773E+02 -1.05514E+03  1.21905E+03  5.54575E+02  7.00088E+02 -1.70844E+03  0.00000E+00  0.00000E+00  0.00000E+00  0.00000E+00  0.00000E+00  0.00000E+00  0.00000E+00  0.00000E+00  0.00000E+00
 THETA6       -7.94893E+01  3.05236E+02 -3.29111E+01  1.07795E+02  1.02806E+02  4.58147E+02 -2.12069E+01 -9.81199E+01 -2.37574E+03  1.76016E+02  8.12805E+01 -2.77583E+02 -3.72945E+02 -1.76100E+01 -2.01435E+02  0.00000E+00  0.00000E+00  0.00000E+00  0.00000E+00  0.00000E+00  0.00000E+00  0.00000E+00  0.00000E+00  0.00000E+00
 THETA7       -7.73197E+01 -2.10755E+01 -8.85994E+01 -4.89665E+01 -7.95136E+01 -2.12069E+01  2.26441E+02  6.04283E+01 -1.69423E+03  5.85099E+01  1.10511E+02 -1.00566E+02 -4.14864E+02 -4.63447E+02  4.40547E+02  0.00000E+00  0.00000E+00  0.00000E+00  0.00000E+00  0.00000E+00  0.00000E+00  0.00000E+00  0.00000E+00  0.00000E+00
 THETA8        1.86551E+02 -1.15100E+02 -3.99738E+02  6.48162E+01  1.70105E+02 -9.81199E+01  6.04283E+01  2.39517E+02 -1.94548E+03 -7.26681E+01  3.17115E+01 -9.75836E+01 -1.73554E+02  7.36371E+02 -3.84350E+02  0.00000E+00  0.00000E+00  0.00000E+00  0.00000E+00  0.00000E+00  0.00000E+00  0.00000E+00  0.00000E+00  0.00000E+00
 SIGMA(1,1)   -1.22736E+03  4.98156E+03  2.79290E+03 -4.23076E+03 -3.24518E+03 -2.37574E+03 -1.69423E+03 -1.94548E+03  8.61482E+05 -7.03419E+03 -4.47722E+03  1.32101E+04  3.20731E+04 -1.03483E+04 -2.77544E+03  0.00000E+00  0.00000E+00  0.00000E+00  0.00000E+00  0.00000E+00  0.00000E+00  0.00000E+00  0.00000E+00  0.00000E+00
 OMEGA(1,1)   -2.25439E+02  5.35828E+02 -2.76590E+02  1.80784E+02  4.09773E+02  1.76016E+02  5.85099E+01 -7.26681E+01 -7.03419E+03  2.36950E+03 -4.07023E+03  8.65868E+02 -3.22383E+03  3.08036E+03  5.55440E+02  0.00000E+00  0.00000E+00  0.00000E+00  0.00000E+00  0.00000E+00  0.00000E+00  0.00000E+00  0.00000E+00  0.00000E+00
 OMEGA(2,1)    1.13005E+02 -4.32352E+02  8.34053E+02 -1.72984E+03 -1.05514E+03  8.12805E+01  1.10511E+02  3.17115E+01 -4.47722E+03 -4.07023E+03  1.66826E+04 -1.00910E+04 -1.26191E+03 -2.34857E+03  4.12223E+01  0.00000E+00  0.00000E+00  0.00000E+00  0.00000E+00  0.00000E+00  0.00000E+00  0.00000E+00  0.00000E+00  0.00000E+00
 OMEGA(2,2)    7.95945E+02  1.50985E+02 -7.14617E+02 -7.77312E+02  1.21905E+03 -2.77583E+02 -1.00566E+02 -9.75836E+01  1.32101E+04  8.65868E+02 -1.00910E+04  1.57252E+04  6.37288E+03 -1.32202E+04  4.00898E+03  0.00000E+00  0.00000E+00  0.00000E+00  0.00000E+00  0.00000E+00  0.00000E+00  0.00000E+00  0.00000E+00  0.00000E+00
 OMEGA(3,1)    3.34310E+02 -8.17870E+02  1.37701E+03 -4.59127E+02  5.54575E+02 -3.72945E+02 -4.14864E+02 -1.73554E+02  3.20731E+04 -3.22383E+03 -1.26191E+03  6.37288E+03  1.51859E+04 -1.29934E+04 -2.49350E+03  0.00000E+00  0.00000E+00  0.00000E+00  0.00000E+00  0.00000E+00  0.00000E+00  0.00000E+00  0.00000E+00  0.00000E+00
 OMEGA(3,2)    8.06288E+02 -4.40227E+02 -2.33697E+03  1.46469E+03  7.00088E+02 -1.76100E+01 -4.63447E+02  7.36371E+02 -1.03483E+04  3.08036E+03 -2.34857E+03 -1.32202E+04 -1.29934E+04  4.89655E+04 -2.13716E+04  0.00000E+00  0.00000E+00  0.00000E+00  0.00000E+00  0.00000E+00  0.00000E+00  0.00000E+00  0.00000E+00  0.00000E+00
 OMEGA(3,3)   -1.59462E+03  1.01745E+03  8.63105E+02 -4.24659E+01 -1.70844E+03 -2.01435E+02  4.40547E+02 -3.84350E+02 -2.77544E+03  5.55440E+02  4.12223E+01  4.00898E+03 -2.49350E+03 -2.13716E+04  2.33323E+04  0.00000E+00  0.00000E+00  0.00000E+00  0.00000E+00  0.00000E+00  0.00000E+00  0.00000E+00  0.00000E+00  0.00000E+00
 OMEGA(4,1)    0.00000E+00  0.00000E+00  0.00000E+00  0.00000E+00  0.00000E+00  0.00000E+00  0.00000E+00  0.00000E+00  0.00000E+00  0.00000E+00  0.00000E+00  0.00000E+00  0.00000E+00  0.00000E+00  0.00000E+00  0.00000E+00  0.00000E+00  0.00000E+00  0.00000E+00  0.00000E+00  0.00000E+00  0.00000E+00  0.00000E+00  0.00000E+00
 OMEGA(4,2)    0.00000E+00  0.00000E+00  0.00000E+00  0.00000E+00  0.00000E+00  0.00000E+00  0.00000E+00  0.00000E+00  0.00000E+00  0.00000E+00  0.00000E+00  0.00000E+00  0.00000E+00  0.00000E+00  0.00000E+00  0.00000E+00  0.00000E+00  0.00000E+00  0.00000E+00  0.00000E+00  0.00000E+00  0.00000E+00  0.00000E+00  0.00000E+00
 OMEGA(4,3)    0.00000E+00  0.00000E+00  0.00000E+00  0.00000E+00  0.00000E+00  0.00000E+00  0.00000E+00  0.00000E+00  0.00000E+00  0.00000E+00  0.00000E+00  0.00000E+00  0.00000E+00  0.00000E+00  0.00000E+00  0.00000E+00  0.00000E+00  0.00000E+00  0.00000E+00  0.00000E+00  0.00000E+00  0.00000E+00  0.00000E+00  0.00000E+00
 OMEGA(4,4)    0.00000E+00  0.00000E+00  0.00000E+00  0.00000E+00  0.00000E+00  0.00000E+00  0.00000E+00  0.00000E+00  0.00000E+00  0.00000E+00  0.00000E+00  0.00000E+00  0.00000E+00  0.00000E+00  0.00000E+00  0.00000E+00  0.00000E+00  0.00000E+00  0.00000E+00  0.00000E+00  0.00000E+00  0.00000E+00  0.00000E+00  0.00000E+00
 OMEGA(5,1)    0.00000E+00  0.00000E+00  0.00000E+00  0.00000E+00  0.00000E+00  0.00000E+00  0.00000E+00  0.00000E+00  0.00000E+00  0.00000E+00  0.00000E+00  0.00000E+00  0.00000E+00  0.00000E+00  0.00000E+00  0.00000E+00  0.00000E+00  0.00000E+00  0.00000E+00  0.00000E+00  0.00000E+00  0.00000E+00  0.00000E+00  0.00000E+00
 OMEGA(5,2)    0.00000E+00  0.00000E+00  0.00000E+00  0.00000E+00  0.00000E+00  0.00000E+00  0.00000E+00  0.00000E+00  0.00000E+00  0.00000E+00  0.00000E+00  0.00000E+00  0.00000E+00  0.00000E+00  0.00000E+00  0.00000E+00  0.00000E+00  0.00000E+00  0.00000E+00  0.00000E+00  0.00000E+00  0.00000E+00  0.00000E+00  0.00000E+00
 OMEGA(5,3)    0.00000E+00  0.00000E+00  0.00000E+00  0.00000E+00  0.00000E+00  0.00000E+00  0.00000E+00  0.00000E+00  0.00000E+00  0.00000E+00  0.00000E+00  0.00000E+00  0.00000E+00  0.00000E+00  0.00000E+00  0.00000E+00  0.00000E+00  0.00000E+00  0.00000E+00  0.00000E+00  0.00000E+00  0.00000E+00  0.00000E+00  0.00000E+00
 OMEGA(5,4)    0.00000E+00  0.00000E+00  0.00000E+00  0.00000E+00  0.00000E+00  0.00000E+00  0.00000E+00  0.00000E+00  0.00000E+00  0.00000E+00  0.00000E+00  0.00000E+00  0.00000E+00  0.00000E+00  0.00000E+00  0.00000E+00  0.00000E+00  0.00000E+00  0.00000E+00  0.00000E+00  0.00000E+00  0.00000E+00  0.00000E+00  0.00000E+00
 OMEGA(5,5)    0.00000E+00  0.00000E+00  0.00000E+00  0.00000E+00  0.00000E+00  0.00000E+00  0.00000E+00  0.00000E+00  0.00000E+00  0.00000E+00  0.00000E+00  0.00000E+00  0.00000E+00  0.00000E+00  0.00000E+00  0.00000E+00  0.00000E+00  0.00000E+00  0.00000E+00  0.00000E+00  0.00000E+00  0.00000E+00  0.00000E+00  0.00000E+00
