TABLE NO.     1: MCMC Bayesian Analysis: Problem=1 Subproblem=0 Superproblem1=0 Iteration1=0 Superproblem2=0 Iteration2=0
 NAME         THETA1       THETA2       THETA3       THETA4       THETA5       THETA6       THETA7       THETA8       SIGMA(1,1)   OMEGA(1,1)   OMEGA(2,1)   OMEGA(2,2)   OMEGA(3,1)   OMEGA(3,2)   OMEGA(3,3)   OMEGA(4,1)   OMEGA(4,2)   OMEGA(4,3)   OMEGA(4,4)   OMEGA(5,1)   OMEGA(5,2)   OMEGA(5,3)   OMEGA(5,4)   OMEGA(5,5)
 THETA1        1.75414E-01  9.51350E-01  9.74113E-02 -8.58260E-01 -9.56013E-01  9.68012E-03  2.57351E-01  4.97906E-02 -6.83670E-01 -1.61889E-01 -7.55806E-01 -8.54267E-01  4.39755E-01 -3.66043E-01  1.40034E-01  0.00000E+00  0.00000E+00  0.00000E+00  0.00000E+00  0.00000E+00  0.00000E+00  0.00000E+00  0.00000E+00  0.00000E+00
 THETA2        9.51350E-01  9.86395E-02  1.45984E-01 -9.00420E-01 -9.12401E-01 -5.79122E-02  2.19887E-01  8.87958E-02 -7.07540E-01 -2.85435E-01 -8.07606E-01 -8.65983E-01  3.45136E-01 -4.09228E-01  6.85472E-02  0.00000E+00  0.00000E+00  0.00000E+00  0.00000E+00  0.00000E+00  0.00000E+00  0.00000E+00  0.00000E+00  0.00000E+00
 THETA3        9.74113E-02  1.45984E-01  2.71857E-02 -8.30090E-02  3.59261E-02  8.36966E-02  8.53125E-02  3.28605E-01 -9.68772E-03 -2.59276E-01 -1.57391E-01 -4.38561E-02 -2.11892E-01 -1.70165E-02  1.02934E-02  0.00000E+00  0.00000E+00  0.00000E+00  0.00000E+00  0.00000E+00  0.00000E+00  0.00000E+00  0.00000E+00  0.00000E+00
 THETA4       -8.58260E-01 -9.00420E-01 -8.30090E-02  6.16317E-02  8.46884E-01 -1.09912E-02 -1.03067E-01 -1.26269E-01  6.58233E-01  4.11347E-01  8.79629E-01  8.93244E-01 -2.05325E-01  4.94857E-01  5.17918E-04  0.00000E+00  0.00000E+00  0.00000E+00  0.00000E+00  0.00000E+00  0.00000E+00  0.00000E+00  0.00000E+00  0.00000E+00
 THETA5       -9.56013E-01 -9.12401E-01  3.59261E-02  8.46884E-01  1.13549E-01 -4.28354E-02 -1.89234E-01 -1.11298E-01  6.81067E-01  6.81294E-02  6.97693E-01  8.07654E-01 -4.88210E-01  3.56207E-01 -9.57398E-02  0.00000E+00  0.00000E+00  0.00000E+00  0.00000E+00  0.00000E+00  0.00000E+00  0.00000E+00  0.00000E+00  0.00000E+00
 THETA6        9.68012E-03 -5.79122E-02  8.36966E-02 -1.09912E-02 -4.28354E-02  5.60258E-02  4.63347E-02  3.00371E-01  7.57718E-02  3.23360E-02  3.97490E-02  6.68038E-02  1.41334E-01  2.01051E-01  2.48716E-01  0.00000E+00  0.00000E+00  0.00000E+00  0.00000E+00  0.00000E+00  0.00000E+00  0.00000E+00  0.00000E+00  0.00000E+00
 THETA7        2.57351E-01  2.19887E-01  8.53125E-02 -1.03067E-01 -1.89234E-01  4.63347E-02  8.34614E-02 -2.87726E-01 -1.63899E-01  4.44360E-02 -6.18069E-02 -9.41448E-02  3.43016E-01  2.54292E-01  2.47736E-01  0.00000E+00  0.00000E+00  0.00000E+00  0.00000E+00  0.00000E+00  0.00000E+00  0.00000E+00  0.00000E+00  0.00000E+00
 THETA8        4.97906E-02  8.87958E-02  3.28605E-01 -1.26269E-01 -1.11298E-01  3.00371E-01 -2.87726E-01  8.98041E-02  4.15158E-02  7.27313E-02 -5.37380E-02 -6.14388E-02  2.17132E-02 -1.29613E-01 -2.18034E-02  0.00000E+00  0.00000E+00  0.00000E+00  0.00000E+00  0.00000E+00  0.00000E+00  0.00000E+00  0.00000E+00  0.00000E+00
 SIGMA(1,1)   -6.83670E-01 -7.07540E-01 -9.68772E-03  6.58233E-01  6.81067E-01  7.57718E-02 -1.63899E-01  4.15158E-02  1.66951E-03  1.71101E-01  5.53827E-01  6.00476E-01 -3.89526E-01  1.84130E-01 -1.44882E-01  0.00000E+00  0.00000E+00  0.00000E+00  0.00000E+00  0.00000E+00  0.00000E+00  0.00000E+00  0.00000E+00  0.00000E+00
 OMEGA(1,1)   -1.61889E-01 -2.85435E-01 -2.59276E-01  4.11347E-01  6.81294E-02  3.23360E-02  4.44360E-02  7.27313E-02  1.71101E-01  6.66225E-02  6.80280E-01  4.14069E-01  6.11004E-01  4.41579E-01  2.42535E-01  0.00000E+00  0.00000E+00  0.00000E+00  0.00000E+00  0.00000E+00  0.00000E+00  0.00000E+00  0.00000E+00  0.00000E+00
 OMEGA(2,1)   -7.55806E-01 -8.07606E-01 -1.57391E-01  8.79629E-01  6.97693E-01  3.97490E-02 -6.18069E-02 -5.37380E-02  5.53827E-01  6.80280E-01  4.58128E-02  9.21577E-01  8.33222E-02  6.57548E-01  1.49669E-01  0.00000E+00  0.00000E+00  0.00000E+00  0.00000E+00  0.00000E+00  0.00000E+00  0.00000E+00  0.00000E+00  0.00000E+00
 OMEGA(2,2)   -8.54267E-01 -8.65983E-01 -4.38561E-02  8.93244E-01  8.07654E-01  6.68038E-02 -9.41448E-02 -6.14388E-02  6.00476E-01  4.14069E-01  9.21577E-01  3.94962E-02 -1.79372E-01  6.32954E-01  5.83383E-02  0.00000E+00  0.00000E+00  0.00000E+00  0.00000E+00  0.00000E+00  0.00000E+00  0.00000E+00  0.00000E+00  0.00000E+00
 OMEGA(3,1)    4.39755E-01  3.45136E-01 -2.11892E-01 -2.05325E-01 -4.88210E-01  1.41334E-01  3.43016E-01  2.17132E-02 -3.89526E-01  6.11004E-01  8.33222E-02 -1.79372E-01  2.55406E-02  4.18202E-01  5.91182E-01  0.00000E+00  0.00000E+00  0.00000E+00  0.00000E+00  0.00000E+00  0.00000E+00  0.00000E+00  0.00000E+00  0.00000E+00
 OMEGA(3,2)   -3.66043E-01 -4.09228E-01 -1.70165E-02  4.94857E-01  3.56207E-01  2.01051E-01  2.54292E-01 -1.29613E-01  1.84130E-01  4.41579E-01  6.57548E-01  6.32954E-01  4.18202E-01  1.41878E-02  6.84242E-01  0.00000E+00  0.00000E+00  0.00000E+00  0.00000E+00  0.00000E+00  0.00000E+00  0.00000E+00  0.00000E+00  0.00000E+00
 OMEGA(3,3)    1.40034E-01  6.85472E-02  1.02934E-02  5.17918E-04 -9.57398E-02  2.48716E-01  2.47736E-01 -2.18034E-02 -1.44882E-01  2.42535E-01  1.49669E-01  5.83383E-02  5.91182E-01  6.84242E-01  1.32052E-02  0.00000E+00  0.00000E+00  0.00000E+00  0.00000E+00  0.00000E+00  0.00000E+00  0.00000E+00  0.00000E+00  0.00000E+00
 OMEGA(4,1)    0.00000E+00  0.00000E+00  0.00000E+00  0.00000E+00  0.00000E+00  0.00000E+00  0.00000E+00  0.00000E+00  0.00000E+00  0.00000E+00  0.00000E+00  0.00000E+00  0.00000E+00  0.00000E+00  0.00000E+00  0.00000E+00  0.00000E+00  0.00000E+00  0.00000E+00  0.00000E+00  0.00000E+00  0.00000E+00  0.00000E+00  0.00000E+00
 OMEGA(4,2)    0.00000E+00  0.00000E+00  0.00000E+00  0.00000E+00  0.00000E+00  0.00000E+00  0.00000E+00  0.00000E+00  0.00000E+00  0.00000E+00  0.00000E+00  0.00000E+00  0.00000E+00  0.00000E+00  0.00000E+00  0.00000E+00  0.00000E+00  0.00000E+00  0.00000E+00  0.00000E+00  0.00000E+00  0.00000E+00  0.00000E+00  0.00000E+00
 OMEGA(4,3)    0.00000E+00  0.00000E+00  0.00000E+00  0.00000E+00  0.00000E+00  0.00000E+00  0.00000E+00  0.00000E+00  0.00000E+00  0.00000E+00  0.00000E+00  0.00000E+00  0.00000E+00  0.00000E+00  0.00000E+00  0.00000E+00  0.00000E+00  0.00000E+00  0.00000E+00  0.00000E+00  0.00000E+00  0.00000E+00  0.00000E+00  0.00000E+00
 OMEGA(4,4)    0.00000E+00  0.00000E+00  0.00000E+00  0.00000E+00  0.00000E+00  0.00000E+00  0.00000E+00  0.00000E+00  0.00000E+00  0.00000E+00  0.00000E+00  0.00000E+00  0.00000E+00  0.00000E+00  0.00000E+00  0.00000E+00  0.00000E+00  0.00000E+00  0.00000E+00  0.00000E+00  0.00000E+00  0.00000E+00  0.00000E+00  0.00000E+00
 OMEGA(5,1)    0.00000E+00  0.00000E+00  0.00000E+00  0.00000E+00  0.00000E+00  0.00000E+00  0.00000E+00  0.00000E+00  0.00000E+00  0.00000E+00  0.00000E+00  0.00000E+00  0.00000E+00  0.00000E+00  0.00000E+00  0.00000E+00  0.00000E+00  0.00000E+00  0.00000E+00  0.00000E+00  0.00000E+00  0.00000E+00  0.00000E+00  0.00000E+00
 OMEGA(5,2)    0.00000E+00  0.00000E+00  0.00000E+00  0.00000E+00  0.00000E+00  0.00000E+00  0.00000E+00  0.00000E+00  0.00000E+00  0.00000E+00  0.00000E+00  0.00000E+00  0.00000E+00  0.00000E+00  0.00000E+00  0.00000E+00  0.00000E+00  0.00000E+00  0.00000E+00  0.00000E+00  0.00000E+00  0.00000E+00  0.00000E+00  0.00000E+00
 OMEGA(5,3)    0.00000E+00  0.00000E+00  0.00000E+00  0.00000E+00  0.00000E+00  0.00000E+00  0.00000E+00  0.00000E+00  0.00000E+00  0.00000E+00  0.00000E+00  0.00000E+00  0.00000E+00  0.00000E+00  0.00000E+00  0.00000E+00  0.00000E+00  0.00000E+00  0.00000E+00  0.00000E+00  0.00000E+00  0.00000E+00  0.00000E+00  0.00000E+00
 OMEGA(5,4)    0.00000E+00  0.00000E+00  0.00000E+00  0.00000E+00  0.00000E+00  0.00000E+00  0.00000E+00  0.00000E+00  0.00000E+00  0.00000E+00  0.00000E+00  0.00000E+00  0.00000E+00  0.00000E+00  0.00000E+00  0.00000E+00  0.00000E+00  0.00000E+00  0.00000E+00  0.00000E+00  0.00000E+00  0.00000E+00  0.00000E+00  0.00000E+00
 OMEGA(5,5)    0.00000E+00  0.00000E+00  0.00000E+00  0.00000E+00  0.00000E+00  0.00000E+00  0.00000E+00  0.00000E+00  0.00000E+00  0.00000E+00  0.00000E+00  0.00000E+00  0.00000E+00  0.00000E+00  0.00000E+00  0.00000E+00  0.00000E+00  0.00000E+00  0.00000E+00  0.00000E+00  0.00000E+00  0.00000E+00  0.00000E+00  0.00000E+00
