TABLE NO.     1: MCMC Bayesian Analysis: Problem=1 Subproblem=0 Superproblem1=0 Iteration1=0 Superproblem2=0 Iteration2=0
 NAME         THETA1       THETA2       THETA3       THETA4       THETA5       THETA6       THETA7       THETA8       SIGMA(1,1)   OMEGA(1,1)   OMEGA(2,1)   OMEGA(2,2)   OMEGA(3,1)   OMEGA(3,2)   OMEGA(3,3)   OMEGA(4,1)   OMEGA(4,2)   OMEGA(4,3)   OMEGA(4,4)   OMEGA(5,1)   OMEGA(5,2)   OMEGA(5,3)   OMEGA(5,4)   OMEGA(5,5)
 THETA1        6.82287E+02 -5.80808E+02 -2.63099E+02  3.60293E+01 -3.91304E+01 -1.60214E+01 -2.57813E+00  2.49632E+01 -4.82012E+03  5.79665E+02 -9.58247E+02  1.30265E+03 -1.11540E+03  1.27904E+02  5.56381E+02  0.00000E+00  0.00000E+00  0.00000E+00  0.00000E+00  0.00000E+00  0.00000E+00  0.00000E+00  0.00000E+00  0.00000E+00
 THETA2       -5.80808E+02  2.32622E+03 -4.28667E+02  4.49425E+02  6.20729E+02  2.25231E+02 -4.97617E+01  7.60932E+01  1.93883E+04 -2.00839E+02  1.11465E+03 -8.56330E+02  1.74819E+02  4.24838E+02 -4.15679E+02  0.00000E+00  0.00000E+00  0.00000E+00  0.00000E+00  0.00000E+00  0.00000E+00  0.00000E+00  0.00000E+00  0.00000E+00
 THETA3       -2.63099E+02 -4.28667E+02  2.30003E+03 -1.33532E+02 -6.08234E+02  3.63453E-01 -1.82414E+02 -3.56801E+02 -1.03015E+03 -3.08782E+02  1.28531E+03 -1.43998E+03  7.01556E+02 -1.17239E+03  5.09966E+02  0.00000E+00  0.00000E+00  0.00000E+00  0.00000E+00  0.00000E+00  0.00000E+00  0.00000E+00  0.00000E+00  0.00000E+00
 THETA4        3.60293E+01  4.49425E+02 -1.33532E+02  1.50092E+03  5.46693E+02 -9.67805E+01 -1.29143E+02  5.87150E+01 -1.88216E+03  1.83477E+02 -1.59642E+03 -8.00226E+01  5.38281E+02  2.64292E+03 -2.10783E+03  0.00000E+00  0.00000E+00  0.00000E+00  0.00000E+00  0.00000E+00  0.00000E+00  0.00000E+00  0.00000E+00  0.00000E+00
 THETA5       -3.91304E+01  6.20729E+02 -6.08234E+02  5.46693E+02  1.42298E+03 -1.08330E+02  9.66059E+01  2.80627E+02  1.12297E+04 -9.77395E+02  1.90700E+02 -4.02062E+02  1.84316E+03 -1.43444E+02 -1.30088E+03  0.00000E+00  0.00000E+00  0.00000E+00  0.00000E+00  0.00000E+00  0.00000E+00  0.00000E+00  0.00000E+00  0.00000E+00
 THETA6       -1.60214E+01  2.25231E+02  3.63453E-01 -9.67805E+01 -1.08330E+02  3.62010E+02 -4.79055E+01 -4.38488E+01  3.11806E+03 -8.92150E+01  1.21870E+03 -1.23902E+03 -3.89501E+02  3.47118E+02 -2.35855E+02  0.00000E+00  0.00000E+00  0.00000E+00  0.00000E+00  0.00000E+00  0.00000E+00  0.00000E+00  0.00000E+00  0.00000E+00
 THETA7       -2.57813E+00 -4.97617E+01 -1.82414E+02 -1.29143E+02  9.66059E+01 -4.79055E+01  2.05889E+02  5.49897E+01  4.31619E+02 -8.57592E+00 -3.79452E+02  5.96824E+02  3.25151E+02 -8.98376E+02  1.30325E+02  0.00000E+00  0.00000E+00  0.00000E+00  0.00000E+00  0.00000E+00  0.00000E+00  0.00000E+00  0.00000E+00  0.00000E+00
 THETA8        2.49632E+01  7.60932E+01 -3.56801E+02  5.87150E+01  2.80627E+02 -4.38488E+01  5.49897E+01  2.72029E+02  1.94939E+03 -1.91936E+02  1.78846E+02 -3.83561E+02  2.51841E+02  4.82259E+02 -5.54793E+02  0.00000E+00  0.00000E+00  0.00000E+00  0.00000E+00  0.00000E+00  0.00000E+00  0.00000E+00  0.00000E+00  0.00000E+00
 SIGMA(1,1)   -4.82012E+03  1.93883E+04 -1.03015E+03 -1.88216E+03  1.12297E+04  3.11806E+03  4.31619E+02  1.94939E+03  1.04265E+06 -3.33674E+04  6.91270E+04 -5.05943E+04  4.04192E+04 -1.96109E+04 -2.01719E+04  0.00000E+00  0.00000E+00  0.00000E+00  0.00000E+00  0.00000E+00  0.00000E+00  0.00000E+00  0.00000E+00  0.00000E+00
 OMEGA(1,1)    5.79665E+02 -2.00839E+02 -3.08782E+02  1.83477E+02 -9.77395E+02 -8.92150E+01 -8.57592E+00 -1.91936E+02 -3.33674E+04  6.55499E+03 -1.34000E+04  9.59220E+03 -5.76044E+03  1.87139E+03  3.67028E+03  0.00000E+00  0.00000E+00  0.00000E+00  0.00000E+00  0.00000E+00  0.00000E+00  0.00000E+00  0.00000E+00  0.00000E+00
 OMEGA(2,1)   -9.58247E+02  1.11465E+03  1.28531E+03 -1.59642E+03  1.90700E+02  1.21870E+03 -3.79452E+02  1.78846E+02  6.91270E+04 -1.34000E+04  4.27380E+04 -3.95822E+04  2.83667E+03  5.64204E+03 -6.40275E+03  0.00000E+00  0.00000E+00  0.00000E+00  0.00000E+00  0.00000E+00  0.00000E+00  0.00000E+00  0.00000E+00  0.00000E+00
 OMEGA(2,2)    1.30265E+03 -8.56330E+02 -1.43998E+03 -8.00226E+01 -4.02062E+02 -1.23902E+03  5.96824E+02 -3.83561E+02 -5.05943E+04  9.59220E+03 -3.95822E+04  5.10102E+04  4.06512E+03 -2.10347E+04  8.95595E+03  0.00000E+00  0.00000E+00  0.00000E+00  0.00000E+00  0.00000E+00  0.00000E+00  0.00000E+00  0.00000E+00  0.00000E+00
 OMEGA(3,1)   -1.11540E+03  1.74819E+02  7.01556E+02  5.38281E+02  1.84316E+03 -3.89501E+02  3.25151E+02  2.51841E+02  4.04192E+04 -5.76044E+03  2.83667E+03  4.06512E+03  1.57349E+04 -1.36650E+04 -3.73359E+03  0.00000E+00  0.00000E+00  0.00000E+00  0.00000E+00  0.00000E+00  0.00000E+00  0.00000E+00  0.00000E+00  0.00000E+00
 OMEGA(3,2)    1.27904E+02  4.24838E+02 -1.17239E+03  2.64292E+03 -1.43444E+02  3.47118E+02 -8.98376E+02  4.82259E+02 -1.96109E+04  1.87139E+03  5.64204E+03 -2.10347E+04 -1.36650E+04  3.35728E+04 -9.40291E+03  0.00000E+00  0.00000E+00  0.00000E+00  0.00000E+00  0.00000E+00  0.00000E+00  0.00000E+00  0.00000E+00  0.00000E+00
 OMEGA(3,3)    5.56381E+02 -4.15679E+02  5.09966E+02 -2.10783E+03 -1.30088E+03 -2.35855E+02  1.30325E+02 -5.54793E+02 -2.01719E+04  3.67028E+03 -6.40275E+03  8.95595E+03 -3.73359E+03 -9.40291E+03  1.42115E+04  0.00000E+00  0.00000E+00  0.00000E+00  0.00000E+00  0.00000E+00  0.00000E+00  0.00000E+00  0.00000E+00  0.00000E+00
 OMEGA(4,1)    0.00000E+00  0.00000E+00  0.00000E+00  0.00000E+00  0.00000E+00  0.00000E+00  0.00000E+00  0.00000E+00  0.00000E+00  0.00000E+00  0.00000E+00  0.00000E+00  0.00000E+00  0.00000E+00  0.00000E+00  0.00000E+00  0.00000E+00  0.00000E+00  0.00000E+00  0.00000E+00  0.00000E+00  0.00000E+00  0.00000E+00  0.00000E+00
 OMEGA(4,2)    0.00000E+00  0.00000E+00  0.00000E+00  0.00000E+00  0.00000E+00  0.00000E+00  0.00000E+00  0.00000E+00  0.00000E+00  0.00000E+00  0.00000E+00  0.00000E+00  0.00000E+00  0.00000E+00  0.00000E+00  0.00000E+00  0.00000E+00  0.00000E+00  0.00000E+00  0.00000E+00  0.00000E+00  0.00000E+00  0.00000E+00  0.00000E+00
 OMEGA(4,3)    0.00000E+00  0.00000E+00  0.00000E+00  0.00000E+00  0.00000E+00  0.00000E+00  0.00000E+00  0.00000E+00  0.00000E+00  0.00000E+00  0.00000E+00  0.00000E+00  0.00000E+00  0.00000E+00  0.00000E+00  0.00000E+00  0.00000E+00  0.00000E+00  0.00000E+00  0.00000E+00  0.00000E+00  0.00000E+00  0.00000E+00  0.00000E+00
 OMEGA(4,4)    0.00000E+00  0.00000E+00  0.00000E+00  0.00000E+00  0.00000E+00  0.00000E+00  0.00000E+00  0.00000E+00  0.00000E+00  0.00000E+00  0.00000E+00  0.00000E+00  0.00000E+00  0.00000E+00  0.00000E+00  0.00000E+00  0.00000E+00  0.00000E+00  0.00000E+00  0.00000E+00  0.00000E+00  0.00000E+00  0.00000E+00  0.00000E+00
 OMEGA(5,1)    0.00000E+00  0.00000E+00  0.00000E+00  0.00000E+00  0.00000E+00  0.00000E+00  0.00000E+00  0.00000E+00  0.00000E+00  0.00000E+00  0.00000E+00  0.00000E+00  0.00000E+00  0.00000E+00  0.00000E+00  0.00000E+00  0.00000E+00  0.00000E+00  0.00000E+00  0.00000E+00  0.00000E+00  0.00000E+00  0.00000E+00  0.00000E+00
 OMEGA(5,2)    0.00000E+00  0.00000E+00  0.00000E+00  0.00000E+00  0.00000E+00  0.00000E+00  0.00000E+00  0.00000E+00  0.00000E+00  0.00000E+00  0.00000E+00  0.00000E+00  0.00000E+00  0.00000E+00  0.00000E+00  0.00000E+00  0.00000E+00  0.00000E+00  0.00000E+00  0.00000E+00  0.00000E+00  0.00000E+00  0.00000E+00  0.00000E+00
 OMEGA(5,3)    0.00000E+00  0.00000E+00  0.00000E+00  0.00000E+00  0.00000E+00  0.00000E+00  0.00000E+00  0.00000E+00  0.00000E+00  0.00000E+00  0.00000E+00  0.00000E+00  0.00000E+00  0.00000E+00  0.00000E+00  0.00000E+00  0.00000E+00  0.00000E+00  0.00000E+00  0.00000E+00  0.00000E+00  0.00000E+00  0.00000E+00  0.00000E+00
 OMEGA(5,4)    0.00000E+00  0.00000E+00  0.00000E+00  0.00000E+00  0.00000E+00  0.00000E+00  0.00000E+00  0.00000E+00  0.00000E+00  0.00000E+00  0.00000E+00  0.00000E+00  0.00000E+00  0.00000E+00  0.00000E+00  0.00000E+00  0.00000E+00  0.00000E+00  0.00000E+00  0.00000E+00  0.00000E+00  0.00000E+00  0.00000E+00  0.00000E+00
 OMEGA(5,5)    0.00000E+00  0.00000E+00  0.00000E+00  0.00000E+00  0.00000E+00  0.00000E+00  0.00000E+00  0.00000E+00  0.00000E+00  0.00000E+00  0.00000E+00  0.00000E+00  0.00000E+00  0.00000E+00  0.00000E+00  0.00000E+00  0.00000E+00  0.00000E+00  0.00000E+00  0.00000E+00  0.00000E+00  0.00000E+00  0.00000E+00  0.00000E+00
