TABLE NO.     1: MCMC Bayesian Analysis: Problem=1 Subproblem=0 Superproblem1=0 Iteration1=0 Superproblem2=0 Iteration2=0
 NAME         THETA1       THETA2       THETA3       THETA4       THETA5       THETA6       THETA7       THETA8       SIGMA(1,1)   OMEGA(1,1)   OMEGA(2,1)   OMEGA(2,2)   OMEGA(3,1)   OMEGA(3,2)   OMEGA(3,3)   OMEGA(4,1)   OMEGA(4,2)   OMEGA(4,3)   OMEGA(4,4)   OMEGA(5,1)   OMEGA(5,2)   OMEGA(5,3)   OMEGA(5,4)   OMEGA(5,5)
 THETA1        1.48121E-01  9.47891E-01  1.28072E-01 -8.49013E-01 -8.18838E-01 -2.36752E-01 -3.06690E-02 -3.20399E-01 -6.90957E-01 -8.13387E-01 -8.82207E-01 -8.79542E-01  5.33762E-01  4.54092E-02 -1.96641E-01  0.00000E+00  0.00000E+00  0.00000E+00  0.00000E+00  0.00000E+00  0.00000E+00  0.00000E+00  0.00000E+00  0.00000E+00
 THETA2        9.47891E-01  8.93388E-02  1.27479E-01 -8.54538E-01 -8.44431E-01 -2.74888E-01 -3.77688E-02 -2.92939E-01 -7.40460E-01 -8.39007E-01 -8.96384E-01 -8.83913E-01  4.76838E-01  7.58484E-03 -2.20865E-01  0.00000E+00  0.00000E+00  0.00000E+00  0.00000E+00  0.00000E+00  0.00000E+00  0.00000E+00  0.00000E+00  0.00000E+00
 THETA3        1.28072E-01  1.27479E-01  2.78555E-02 -9.93853E-02  3.96311E-02  9.70362E-02  2.65447E-01  2.51203E-01 -9.52045E-02 -7.12716E-02 -3.42555E-02  3.42417E-02  8.14319E-03  1.97656E-01  2.01779E-02  0.00000E+00  0.00000E+00  0.00000E+00  0.00000E+00  0.00000E+00  0.00000E+00  0.00000E+00  0.00000E+00  0.00000E+00
 THETA4       -8.49013E-01 -8.54538E-01 -9.93853E-02  7.68447E-02  6.38007E-01  2.61322E-01  1.36778E-01  3.69836E-01  6.68172E-01  6.95459E-01  7.91731E-01  7.79570E-01 -5.49644E-01 -1.46115E-01  2.77842E-01  0.00000E+00  0.00000E+00  0.00000E+00  0.00000E+00  0.00000E+00  0.00000E+00  0.00000E+00  0.00000E+00  0.00000E+00
 THETA5       -8.18838E-01 -8.44431E-01  3.96311E-02  6.38007E-01  7.79000E-02  1.99821E-01  2.44804E-02  1.07462E-01  5.44458E-01  8.33184E-01  8.56624E-01  8.35984E-01 -3.61895E-01  9.09319E-02  1.49894E-01  0.00000E+00  0.00000E+00  0.00000E+00  0.00000E+00  0.00000E+00  0.00000E+00  0.00000E+00  0.00000E+00  0.00000E+00
 THETA6       -2.36752E-01 -2.74888E-01  9.70362E-02  2.61322E-01  1.99821E-01  6.66626E-02  1.59398E-01  2.19314E-01  1.18174E-01  7.81842E-02  1.42030E-01  2.19583E-01 -9.66044E-02  1.26948E-01  3.18532E-01  0.00000E+00  0.00000E+00  0.00000E+00  0.00000E+00  0.00000E+00  0.00000E+00  0.00000E+00  0.00000E+00  0.00000E+00
 THETA7       -3.06690E-02 -3.77688E-02  2.65447E-01  1.36778E-01  2.44804E-02  1.59398E-01  8.81026E-02 -9.43784E-02  3.38639E-02  8.81252E-02  1.34734E-01  1.62541E-01  1.23208E-01  3.78101E-01  2.33392E-01  0.00000E+00  0.00000E+00  0.00000E+00  0.00000E+00  0.00000E+00  0.00000E+00  0.00000E+00  0.00000E+00  0.00000E+00
 THETA8       -3.20399E-01 -2.92939E-01  2.51203E-01  3.69836E-01  1.07462E-01  2.19314E-01 -9.43784E-02  8.36875E-02  2.29944E-01  1.79777E-01  2.39843E-01  2.68232E-01 -3.25552E-01 -1.74093E-01  1.46342E-01  0.00000E+00  0.00000E+00  0.00000E+00  0.00000E+00  0.00000E+00  0.00000E+00  0.00000E+00  0.00000E+00  0.00000E+00
 SIGMA(1,1)   -6.90957E-01 -7.40460E-01 -9.52045E-02  6.68172E-01  5.44458E-01  1.18174E-01  3.38639E-02  2.29944E-01  1.69144E-03  6.03221E-01  6.33678E-01  6.37855E-01 -4.33067E-01 -4.41657E-02  1.52366E-01  0.00000E+00  0.00000E+00  0.00000E+00  0.00000E+00  0.00000E+00  0.00000E+00  0.00000E+00  0.00000E+00  0.00000E+00
 OMEGA(1,1)   -8.13387E-01 -8.39007E-01 -7.12716E-02  6.95459E-01  8.33184E-01  7.81842E-02  8.81252E-02  1.79777E-01  6.03221E-01  8.72384E-02  9.56058E-01  8.77881E-01 -1.33996E-01  1.67064E-01  1.50257E-01  0.00000E+00  0.00000E+00  0.00000E+00  0.00000E+00  0.00000E+00  0.00000E+00  0.00000E+00  0.00000E+00  0.00000E+00
 OMEGA(2,1)   -8.82207E-01 -8.96384E-01 -3.42555E-02  7.91731E-01  8.56624E-01  1.42030E-01  1.34734E-01  2.39843E-01  6.33678E-01  9.56058E-01  5.86121E-02  9.69759E-01 -2.73660E-01  1.85419E-01  2.25783E-01  0.00000E+00  0.00000E+00  0.00000E+00  0.00000E+00  0.00000E+00  0.00000E+00  0.00000E+00  0.00000E+00  0.00000E+00
 OMEGA(2,2)   -8.79542E-01 -8.83913E-01  3.42417E-02  7.79570E-01  8.35984E-01  2.19583E-01  1.62541E-01  2.68232E-01  6.37855E-01  8.77881E-01  9.69759E-01  3.59796E-02 -3.19026E-01  2.56963E-01  2.64008E-01  0.00000E+00  0.00000E+00  0.00000E+00  0.00000E+00  0.00000E+00  0.00000E+00  0.00000E+00  0.00000E+00  0.00000E+00
 OMEGA(3,1)    5.33762E-01  4.76838E-01  8.14319E-03 -5.49644E-01 -3.61895E-01 -9.66044E-02  1.23208E-01 -3.25552E-01 -4.33067E-01 -1.33996E-01 -2.73660E-01 -3.19026E-01  2.56113E-02  6.42538E-01  2.42458E-01  0.00000E+00  0.00000E+00  0.00000E+00  0.00000E+00  0.00000E+00  0.00000E+00  0.00000E+00  0.00000E+00  0.00000E+00
 OMEGA(3,2)    4.54092E-02  7.58484E-03  1.97656E-01 -1.46115E-01  9.09319E-02  1.26948E-01  3.78101E-01 -1.74093E-01 -4.41657E-02  1.67064E-01  1.85419E-01  2.56963E-01  6.42538E-01  1.59709E-02  5.42180E-01  0.00000E+00  0.00000E+00  0.00000E+00  0.00000E+00  0.00000E+00  0.00000E+00  0.00000E+00  0.00000E+00  0.00000E+00
 OMEGA(3,3)   -1.96641E-01 -2.20865E-01  2.01779E-02  2.77842E-01  1.49894E-01  3.18532E-01  2.33392E-01  1.46342E-01  1.52366E-01  1.50257E-01  2.25783E-01  2.64008E-01  2.42458E-01  5.42180E-01  1.45678E-02  0.00000E+00  0.00000E+00  0.00000E+00  0.00000E+00  0.00000E+00  0.00000E+00  0.00000E+00  0.00000E+00  0.00000E+00
 OMEGA(4,1)    0.00000E+00  0.00000E+00  0.00000E+00  0.00000E+00  0.00000E+00  0.00000E+00  0.00000E+00  0.00000E+00  0.00000E+00  0.00000E+00  0.00000E+00  0.00000E+00  0.00000E+00  0.00000E+00  0.00000E+00  0.00000E+00  0.00000E+00  0.00000E+00  0.00000E+00  0.00000E+00  0.00000E+00  0.00000E+00  0.00000E+00  0.00000E+00
 OMEGA(4,2)    0.00000E+00  0.00000E+00  0.00000E+00  0.00000E+00  0.00000E+00  0.00000E+00  0.00000E+00  0.00000E+00  0.00000E+00  0.00000E+00  0.00000E+00  0.00000E+00  0.00000E+00  0.00000E+00  0.00000E+00  0.00000E+00  0.00000E+00  0.00000E+00  0.00000E+00  0.00000E+00  0.00000E+00  0.00000E+00  0.00000E+00  0.00000E+00
 OMEGA(4,3)    0.00000E+00  0.00000E+00  0.00000E+00  0.00000E+00  0.00000E+00  0.00000E+00  0.00000E+00  0.00000E+00  0.00000E+00  0.00000E+00  0.00000E+00  0.00000E+00  0.00000E+00  0.00000E+00  0.00000E+00  0.00000E+00  0.00000E+00  0.00000E+00  0.00000E+00  0.00000E+00  0.00000E+00  0.00000E+00  0.00000E+00  0.00000E+00
 OMEGA(4,4)    0.00000E+00  0.00000E+00  0.00000E+00  0.00000E+00  0.00000E+00  0.00000E+00  0.00000E+00  0.00000E+00  0.00000E+00  0.00000E+00  0.00000E+00  0.00000E+00  0.00000E+00  0.00000E+00  0.00000E+00  0.00000E+00  0.00000E+00  0.00000E+00  0.00000E+00  0.00000E+00  0.00000E+00  0.00000E+00  0.00000E+00  0.00000E+00
 OMEGA(5,1)    0.00000E+00  0.00000E+00  0.00000E+00  0.00000E+00  0.00000E+00  0.00000E+00  0.00000E+00  0.00000E+00  0.00000E+00  0.00000E+00  0.00000E+00  0.00000E+00  0.00000E+00  0.00000E+00  0.00000E+00  0.00000E+00  0.00000E+00  0.00000E+00  0.00000E+00  0.00000E+00  0.00000E+00  0.00000E+00  0.00000E+00  0.00000E+00
 OMEGA(5,2)    0.00000E+00  0.00000E+00  0.00000E+00  0.00000E+00  0.00000E+00  0.00000E+00  0.00000E+00  0.00000E+00  0.00000E+00  0.00000E+00  0.00000E+00  0.00000E+00  0.00000E+00  0.00000E+00  0.00000E+00  0.00000E+00  0.00000E+00  0.00000E+00  0.00000E+00  0.00000E+00  0.00000E+00  0.00000E+00  0.00000E+00  0.00000E+00
 OMEGA(5,3)    0.00000E+00  0.00000E+00  0.00000E+00  0.00000E+00  0.00000E+00  0.00000E+00  0.00000E+00  0.00000E+00  0.00000E+00  0.00000E+00  0.00000E+00  0.00000E+00  0.00000E+00  0.00000E+00  0.00000E+00  0.00000E+00  0.00000E+00  0.00000E+00  0.00000E+00  0.00000E+00  0.00000E+00  0.00000E+00  0.00000E+00  0.00000E+00
 OMEGA(5,4)    0.00000E+00  0.00000E+00  0.00000E+00  0.00000E+00  0.00000E+00  0.00000E+00  0.00000E+00  0.00000E+00  0.00000E+00  0.00000E+00  0.00000E+00  0.00000E+00  0.00000E+00  0.00000E+00  0.00000E+00  0.00000E+00  0.00000E+00  0.00000E+00  0.00000E+00  0.00000E+00  0.00000E+00  0.00000E+00  0.00000E+00  0.00000E+00
 OMEGA(5,5)    0.00000E+00  0.00000E+00  0.00000E+00  0.00000E+00  0.00000E+00  0.00000E+00  0.00000E+00  0.00000E+00  0.00000E+00  0.00000E+00  0.00000E+00  0.00000E+00  0.00000E+00  0.00000E+00  0.00000E+00  0.00000E+00  0.00000E+00  0.00000E+00  0.00000E+00  0.00000E+00  0.00000E+00  0.00000E+00  0.00000E+00  0.00000E+00
