TABLE NO.     1: MCMC Bayesian Analysis: Problem=1 Subproblem=0 Superproblem1=0 Iteration1=0 Superproblem2=0 Iteration2=0
 NAME         THETA1       THETA2       THETA3       THETA4       THETA5       THETA6       THETA7       THETA8       SIGMA(1,1)   OMEGA(1,1)   OMEGA(2,1)   OMEGA(2,2)   OMEGA(3,1)   OMEGA(3,2)   OMEGA(3,3)   OMEGA(4,1)   OMEGA(4,2)   OMEGA(4,3)   OMEGA(4,4)   OMEGA(5,1)   OMEGA(5,2)   OMEGA(5,3)   OMEGA(5,4)   OMEGA(5,5)
 THETA1        2.05089E-02  1.18369E-02  8.32388E-04 -9.09910E-03 -9.93723E-03 -1.39294E-03  1.26826E-03 -2.34623E-03 -1.77800E-04 -1.23782E-02 -7.99311E-03 -4.31105E-03  1.46225E-03 -9.14853E-05 -1.88104E-04  0.00000E+00  0.00000E+00  0.00000E+00  0.00000E+00  0.00000E+00  0.00000E+00  0.00000E+00  0.00000E+00  0.00000E+00
 THETA2        1.18369E-02  7.68941E-03  5.28448E-04 -5.86374E-03 -6.05792E-03 -1.35378E-03  4.32183E-04 -1.20435E-03 -1.15937E-04 -7.95074E-03 -5.06675E-03 -2.68946E-03  7.97762E-04 -9.22834E-05 -1.87909E-04  0.00000E+00  0.00000E+00  0.00000E+00  0.00000E+00  0.00000E+00  0.00000E+00  0.00000E+00  0.00000E+00  0.00000E+00
 THETA3        8.32388E-04  5.28448E-04  7.46609E-04 -3.46511E-04 -9.36184E-05  1.81677E-04  3.74995E-04  4.54897E-04 -5.67021E-06 -5.35846E-04 -2.49142E-04 -6.85765E-05  2.01849E-05  4.02807E-05 -1.33939E-05  0.00000E+00  0.00000E+00  0.00000E+00  0.00000E+00  0.00000E+00  0.00000E+00  0.00000E+00  0.00000E+00  0.00000E+00
 THETA4       -9.09910E-03 -5.86374E-03 -3.46511E-04  5.82097E-03  4.37494E-03  1.22464E-03  2.57456E-04  1.47886E-03  9.42691E-05  6.55909E-03  4.19446E-03  2.17636E-03 -7.49251E-04 -2.81297E-05  2.74460E-04  0.00000E+00  0.00000E+00  0.00000E+00  0.00000E+00  0.00000E+00  0.00000E+00  0.00000E+00  0.00000E+00  0.00000E+00
 THETA5       -9.93723E-03 -6.05792E-03 -9.36184E-05  4.37494E-03  6.30904E-03  6.46049E-04 -7.40825E-05 -2.02045E-04  8.26047E-05  6.71210E-03  4.33783E-03  2.29603E-03 -5.36900E-04  1.80617E-04  9.60036E-05  0.00000E+00  0.00000E+00  0.00000E+00  0.00000E+00  0.00000E+00  0.00000E+00  0.00000E+00  0.00000E+00  0.00000E+00
 THETA6       -1.39294E-03 -1.35378E-03  1.81677E-04  1.22464E-03  6.46049E-04  3.82020E-03  6.35856E-04  1.38742E-03  1.83533E-05  1.47846E-03  1.03875E-03  6.62705E-04  3.76555E-05  1.27990E-04  2.18956E-04  0.00000E+00  0.00000E+00  0.00000E+00  0.00000E+00  0.00000E+00  0.00000E+00  0.00000E+00  0.00000E+00  0.00000E+00
 THETA7        1.26826E-03  4.32183E-04  3.74995E-04  2.57456E-04 -7.40825E-05  6.35856E-04  7.66448E-03 -1.78818E-03 -9.19694E-06  8.94909E-04  7.25666E-04  3.45181E-04  2.60524E-04  2.41162E-04  8.85730E-05  0.00000E+00  0.00000E+00  0.00000E+00  0.00000E+00  0.00000E+00  0.00000E+00  0.00000E+00  0.00000E+00  0.00000E+00
 THETA8       -2.34623E-03 -1.20435E-03  4.54897E-04  1.47886E-03 -2.02045E-04  1.38742E-03 -1.78818E-03  7.99048E-03  2.41716E-05  5.10803E-04  4.97725E-04  5.10837E-04 -3.99902E-04 -7.74927E-05  2.54558E-04  0.00000E+00  0.00000E+00  0.00000E+00  0.00000E+00  0.00000E+00  0.00000E+00  0.00000E+00  0.00000E+00  0.00000E+00
 SIGMA(1,1)   -1.77800E-04 -1.15937E-04 -5.67021E-06  9.42691E-05  8.26047E-05  1.83533E-05 -9.19694E-06  2.41716E-05  3.05352E-06  1.16481E-04  7.05933E-05  3.81272E-05 -1.59477E-05 -6.15132E-07  3.14976E-06  0.00000E+00  0.00000E+00  0.00000E+00  0.00000E+00  0.00000E+00  0.00000E+00  0.00000E+00  0.00000E+00  0.00000E+00
 OMEGA(1,1)   -1.23782E-02 -7.95074E-03 -5.35846E-04  6.55909E-03  6.71210E-03  1.47846E-03  8.94909E-04  5.10803E-04  1.16481E-04  1.04972E-02  6.41161E-03  3.24382E-03 -4.10144E-04  2.43543E-04  2.82409E-04  0.00000E+00  0.00000E+00  0.00000E+00  0.00000E+00  0.00000E+00  0.00000E+00  0.00000E+00  0.00000E+00  0.00000E+00
 OMEGA(2,1)   -7.99311E-03 -5.06675E-03 -2.49142E-04  4.19446E-03  4.33783E-03  1.03875E-03  7.25666E-04  4.97725E-04  7.05933E-05  6.41161E-03  4.15971E-03  2.20946E-03 -2.91933E-04  2.44911E-04  2.03475E-04  0.00000E+00  0.00000E+00  0.00000E+00  0.00000E+00  0.00000E+00  0.00000E+00  0.00000E+00  0.00000E+00  0.00000E+00
 OMEGA(2,2)   -4.31105E-03 -2.68946E-03 -6.85765E-05  2.17636E-03  2.29603E-03  6.62705E-04  3.45181E-04  5.10837E-04  3.81272E-05  3.24382E-03  2.20946E-03  1.26159E-03 -1.63045E-04  1.88275E-04  1.15785E-04  0.00000E+00  0.00000E+00  0.00000E+00  0.00000E+00  0.00000E+00  0.00000E+00  0.00000E+00  0.00000E+00  0.00000E+00
 OMEGA(3,1)    1.46225E-03  7.97762E-04  2.01849E-05 -7.49251E-04 -5.36900E-04  3.76555E-05  2.60524E-04 -3.99902E-04 -1.59477E-05 -4.10144E-04 -2.91933E-04 -1.63045E-04  4.20893E-04  1.73953E-04  1.12891E-04  0.00000E+00  0.00000E+00  0.00000E+00  0.00000E+00  0.00000E+00  0.00000E+00  0.00000E+00  0.00000E+00  0.00000E+00
 OMEGA(3,2)   -9.14853E-05 -9.22834E-05  4.02807E-05 -2.81297E-05  1.80617E-04  1.27990E-04  2.41162E-04 -7.74927E-05 -6.15132E-07  2.43543E-04  2.44911E-04  1.88275E-04  1.73953E-04  1.90952E-04  1.09488E-04  0.00000E+00  0.00000E+00  0.00000E+00  0.00000E+00  0.00000E+00  0.00000E+00  0.00000E+00  0.00000E+00  0.00000E+00
 OMEGA(3,3)   -1.88104E-04 -1.87909E-04 -1.33939E-05  2.74460E-04  9.60036E-05  2.18956E-04  8.85730E-05  2.54558E-04  3.14976E-06  2.82409E-04  2.03475E-04  1.15785E-04  1.12891E-04  1.09488E-04  2.12097E-04  0.00000E+00  0.00000E+00  0.00000E+00  0.00000E+00  0.00000E+00  0.00000E+00  0.00000E+00  0.00000E+00  0.00000E+00
 OMEGA(4,1)    0.00000E+00  0.00000E+00  0.00000E+00  0.00000E+00  0.00000E+00  0.00000E+00  0.00000E+00  0.00000E+00  0.00000E+00  0.00000E+00  0.00000E+00  0.00000E+00  0.00000E+00  0.00000E+00  0.00000E+00  0.00000E+00  0.00000E+00  0.00000E+00  0.00000E+00  0.00000E+00  0.00000E+00  0.00000E+00  0.00000E+00  0.00000E+00
 OMEGA(4,2)    0.00000E+00  0.00000E+00  0.00000E+00  0.00000E+00  0.00000E+00  0.00000E+00  0.00000E+00  0.00000E+00  0.00000E+00  0.00000E+00  0.00000E+00  0.00000E+00  0.00000E+00  0.00000E+00  0.00000E+00  0.00000E+00  0.00000E+00  0.00000E+00  0.00000E+00  0.00000E+00  0.00000E+00  0.00000E+00  0.00000E+00  0.00000E+00
 OMEGA(4,3)    0.00000E+00  0.00000E+00  0.00000E+00  0.00000E+00  0.00000E+00  0.00000E+00  0.00000E+00  0.00000E+00  0.00000E+00  0.00000E+00  0.00000E+00  0.00000E+00  0.00000E+00  0.00000E+00  0.00000E+00  0.00000E+00  0.00000E+00  0.00000E+00  0.00000E+00  0.00000E+00  0.00000E+00  0.00000E+00  0.00000E+00  0.00000E+00
 OMEGA(4,4)    0.00000E+00  0.00000E+00  0.00000E+00  0.00000E+00  0.00000E+00  0.00000E+00  0.00000E+00  0.00000E+00  0.00000E+00  0.00000E+00  0.00000E+00  0.00000E+00  0.00000E+00  0.00000E+00  0.00000E+00  0.00000E+00  0.00000E+00  0.00000E+00  0.00000E+00  0.00000E+00  0.00000E+00  0.00000E+00  0.00000E+00  0.00000E+00
 OMEGA(5,1)    0.00000E+00  0.00000E+00  0.00000E+00  0.00000E+00  0.00000E+00  0.00000E+00  0.00000E+00  0.00000E+00  0.00000E+00  0.00000E+00  0.00000E+00  0.00000E+00  0.00000E+00  0.00000E+00  0.00000E+00  0.00000E+00  0.00000E+00  0.00000E+00  0.00000E+00  0.00000E+00  0.00000E+00  0.00000E+00  0.00000E+00  0.00000E+00
 OMEGA(5,2)    0.00000E+00  0.00000E+00  0.00000E+00  0.00000E+00  0.00000E+00  0.00000E+00  0.00000E+00  0.00000E+00  0.00000E+00  0.00000E+00  0.00000E+00  0.00000E+00  0.00000E+00  0.00000E+00  0.00000E+00  0.00000E+00  0.00000E+00  0.00000E+00  0.00000E+00  0.00000E+00  0.00000E+00  0.00000E+00  0.00000E+00  0.00000E+00
 OMEGA(5,3)    0.00000E+00  0.00000E+00  0.00000E+00  0.00000E+00  0.00000E+00  0.00000E+00  0.00000E+00  0.00000E+00  0.00000E+00  0.00000E+00  0.00000E+00  0.00000E+00  0.00000E+00  0.00000E+00  0.00000E+00  0.00000E+00  0.00000E+00  0.00000E+00  0.00000E+00  0.00000E+00  0.00000E+00  0.00000E+00  0.00000E+00  0.00000E+00
 OMEGA(5,4)    0.00000E+00  0.00000E+00  0.00000E+00  0.00000E+00  0.00000E+00  0.00000E+00  0.00000E+00  0.00000E+00  0.00000E+00  0.00000E+00  0.00000E+00  0.00000E+00  0.00000E+00  0.00000E+00  0.00000E+00  0.00000E+00  0.00000E+00  0.00000E+00  0.00000E+00  0.00000E+00  0.00000E+00  0.00000E+00  0.00000E+00  0.00000E+00
 OMEGA(5,5)    0.00000E+00  0.00000E+00  0.00000E+00  0.00000E+00  0.00000E+00  0.00000E+00  0.00000E+00  0.00000E+00  0.00000E+00  0.00000E+00  0.00000E+00  0.00000E+00  0.00000E+00  0.00000E+00  0.00000E+00  0.00000E+00  0.00000E+00  0.00000E+00  0.00000E+00  0.00000E+00  0.00000E+00  0.00000E+00  0.00000E+00  0.00000E+00
