TABLE NO.     1: MCMC Bayesian Analysis: Problem=1 Subproblem=0 Superproblem1=0 Iteration1=0 Superproblem2=0 Iteration2=0
 NAME         THETA1       THETA2       THETA3       THETA4       THETA5       THETA6       THETA7       THETA8       SIGMA(1,1)   OMEGA(1,1)   OMEGA(2,1)   OMEGA(2,2)   OMEGA(3,1)   OMEGA(3,2)   OMEGA(3,3)   OMEGA(4,1)   OMEGA(4,2)   OMEGA(4,3)   OMEGA(4,4)   OMEGA(5,1)   OMEGA(5,2)   OMEGA(5,3)   OMEGA(5,4)   OMEGA(5,5)
 THETA1        1.43209E-01  9.42586E-01  2.12720E-01 -8.32778E-01 -8.73599E-01 -1.57368E-01  1.01157E-01 -1.83279E-01 -7.10492E-01 -8.43626E-01 -8.65392E-01 -8.47526E-01  4.97697E-01 -4.62294E-02 -9.01904E-02  0.00000E+00  0.00000E+00  0.00000E+00  0.00000E+00  0.00000E+00  0.00000E+00  0.00000E+00  0.00000E+00  0.00000E+00
 THETA2        9.42586E-01  8.76893E-02  2.20551E-01 -8.76457E-01 -8.69752E-01 -2.49781E-01  5.62963E-02 -1.53646E-01 -7.56618E-01 -8.84963E-01 -8.95884E-01 -8.63497E-01  4.43446E-01 -7.61580E-02 -1.47141E-01  0.00000E+00  0.00000E+00  0.00000E+00  0.00000E+00  0.00000E+00  0.00000E+00  0.00000E+00  0.00000E+00  0.00000E+00
 THETA3        2.12720E-01  2.20551E-01  2.73241E-02 -1.66216E-01 -4.31353E-02  1.07575E-01  1.56761E-01  1.86243E-01 -1.18755E-01 -1.91407E-01 -1.41374E-01 -7.06595E-02  3.60077E-02  1.06682E-01 -3.36583E-02  0.00000E+00  0.00000E+00  0.00000E+00  0.00000E+00  0.00000E+00  0.00000E+00  0.00000E+00  0.00000E+00  0.00000E+00
 THETA4       -8.32778E-01 -8.76457E-01 -1.66216E-01  7.62953E-02  7.21927E-01  2.59697E-01  3.85447E-02  2.16842E-01  7.07084E-01  8.39094E-01  8.52407E-01  8.03111E-01 -4.78679E-01 -2.66812E-02  2.47010E-01  0.00000E+00  0.00000E+00  0.00000E+00  0.00000E+00  0.00000E+00  0.00000E+00  0.00000E+00  0.00000E+00  0.00000E+00
 THETA5       -8.73599E-01 -8.69752E-01 -4.31353E-02  7.21927E-01  7.94295E-02  1.31595E-01 -1.06535E-02 -2.84564E-02  5.95145E-01  8.24785E-01  8.46758E-01  8.13837E-01 -3.29477E-01  1.64557E-01  8.29925E-02  0.00000E+00  0.00000E+00  0.00000E+00  0.00000E+00  0.00000E+00  0.00000E+00  0.00000E+00  0.00000E+00  0.00000E+00
 THETA6       -1.57368E-01 -2.49781E-01  1.07575E-01  2.59697E-01  1.31595E-01  6.18078E-02  1.17510E-01  2.51118E-01  1.69930E-01  2.33470E-01  2.60576E-01  3.01869E-01  2.96961E-02  1.49855E-01  2.43246E-01  0.00000E+00  0.00000E+00  0.00000E+00  0.00000E+00  0.00000E+00  0.00000E+00  0.00000E+00  0.00000E+00  0.00000E+00
 THETA7        1.01157E-01  5.62963E-02  1.56761E-01  3.85447E-02 -1.06535E-02  1.17510E-01  8.75470E-02 -2.28499E-01 -6.01176E-02  9.97704E-02  1.28518E-01  1.11006E-01  1.45051E-01  1.99346E-01  6.94693E-02  0.00000E+00  0.00000E+00  0.00000E+00  0.00000E+00  0.00000E+00  0.00000E+00  0.00000E+00  0.00000E+00  0.00000E+00
 THETA8       -1.83279E-01 -1.53646E-01  1.86243E-01  2.16842E-01 -2.84564E-02  2.51118E-01 -2.28499E-01  8.93895E-02  1.54745E-01  5.57739E-02  8.63319E-02  1.60893E-01 -2.18063E-01 -6.27355E-02  1.95539E-01  0.00000E+00  0.00000E+00  0.00000E+00  0.00000E+00  0.00000E+00  0.00000E+00  0.00000E+00  0.00000E+00  0.00000E+00
 SIGMA(1,1)   -7.10492E-01 -7.56618E-01 -1.18755E-01  7.07084E-01  5.95145E-01  1.69930E-01 -6.01176E-02  1.54745E-01  1.74743E-03  6.50610E-01  6.26370E-01  6.14294E-01 -4.44848E-01 -2.54745E-02  1.23768E-01  0.00000E+00  0.00000E+00  0.00000E+00  0.00000E+00  0.00000E+00  0.00000E+00  0.00000E+00  0.00000E+00  0.00000E+00
 OMEGA(1,1)   -8.43626E-01 -8.84963E-01 -1.91407E-01  8.39094E-01  8.24785E-01  2.33470E-01  9.97704E-02  5.57739E-02  6.50610E-01  1.02456E-01  9.70286E-01  8.91381E-01 -1.95126E-01  1.72020E-01  1.89267E-01  0.00000E+00  0.00000E+00  0.00000E+00  0.00000E+00  0.00000E+00  0.00000E+00  0.00000E+00  0.00000E+00  0.00000E+00
 OMEGA(2,1)   -8.65392E-01 -8.95884E-01 -1.41374E-01  8.52407E-01  8.46758E-01  2.60576E-01  1.28518E-01  8.63319E-02  6.26370E-01  9.70286E-01  6.44958E-02  9.64487E-01 -2.20631E-01  2.74799E-01  2.16627E-01  0.00000E+00  0.00000E+00  0.00000E+00  0.00000E+00  0.00000E+00  0.00000E+00  0.00000E+00  0.00000E+00  0.00000E+00
 OMEGA(2,2)   -8.47526E-01 -8.63497E-01 -7.06595E-02  8.03111E-01  8.13837E-01  3.01869E-01  1.11006E-01  1.60893E-01  6.14294E-01  8.91381E-01  9.64487E-01  3.55188E-02 -2.23750E-01  3.83594E-01  2.23834E-01  0.00000E+00  0.00000E+00  0.00000E+00  0.00000E+00  0.00000E+00  0.00000E+00  0.00000E+00  0.00000E+00  0.00000E+00
 OMEGA(3,1)    4.97697E-01  4.43446E-01  3.60077E-02 -4.78679E-01 -3.29477E-01  2.96961E-02  1.45051E-01 -2.18063E-01 -4.44848E-01 -1.95126E-01 -2.20631E-01 -2.23750E-01  2.05157E-02  6.13598E-01  3.77839E-01  0.00000E+00  0.00000E+00  0.00000E+00  0.00000E+00  0.00000E+00  0.00000E+00  0.00000E+00  0.00000E+00  0.00000E+00
 OMEGA(3,2)   -4.62294E-02 -7.61580E-02  1.06682E-01 -2.66812E-02  1.64557E-01  1.49855E-01  1.99346E-01 -6.27355E-02 -2.54745E-02  1.72020E-01  2.74799E-01  3.83594E-01  6.13598E-01  1.38185E-02  5.44048E-01  0.00000E+00  0.00000E+00  0.00000E+00  0.00000E+00  0.00000E+00  0.00000E+00  0.00000E+00  0.00000E+00  0.00000E+00
 OMEGA(3,3)   -9.01904E-02 -1.47141E-01 -3.36583E-02  2.47010E-01  8.29925E-02  2.43246E-01  6.94693E-02  1.95539E-01  1.23768E-01  1.89267E-01  2.16627E-01  2.23834E-01  3.77839E-01  5.44048E-01  1.45635E-02  0.00000E+00  0.00000E+00  0.00000E+00  0.00000E+00  0.00000E+00  0.00000E+00  0.00000E+00  0.00000E+00  0.00000E+00
 OMEGA(4,1)    0.00000E+00  0.00000E+00  0.00000E+00  0.00000E+00  0.00000E+00  0.00000E+00  0.00000E+00  0.00000E+00  0.00000E+00  0.00000E+00  0.00000E+00  0.00000E+00  0.00000E+00  0.00000E+00  0.00000E+00  0.00000E+00  0.00000E+00  0.00000E+00  0.00000E+00  0.00000E+00  0.00000E+00  0.00000E+00  0.00000E+00  0.00000E+00
 OMEGA(4,2)    0.00000E+00  0.00000E+00  0.00000E+00  0.00000E+00  0.00000E+00  0.00000E+00  0.00000E+00  0.00000E+00  0.00000E+00  0.00000E+00  0.00000E+00  0.00000E+00  0.00000E+00  0.00000E+00  0.00000E+00  0.00000E+00  0.00000E+00  0.00000E+00  0.00000E+00  0.00000E+00  0.00000E+00  0.00000E+00  0.00000E+00  0.00000E+00
 OMEGA(4,3)    0.00000E+00  0.00000E+00  0.00000E+00  0.00000E+00  0.00000E+00  0.00000E+00  0.00000E+00  0.00000E+00  0.00000E+00  0.00000E+00  0.00000E+00  0.00000E+00  0.00000E+00  0.00000E+00  0.00000E+00  0.00000E+00  0.00000E+00  0.00000E+00  0.00000E+00  0.00000E+00  0.00000E+00  0.00000E+00  0.00000E+00  0.00000E+00
 OMEGA(4,4)    0.00000E+00  0.00000E+00  0.00000E+00  0.00000E+00  0.00000E+00  0.00000E+00  0.00000E+00  0.00000E+00  0.00000E+00  0.00000E+00  0.00000E+00  0.00000E+00  0.00000E+00  0.00000E+00  0.00000E+00  0.00000E+00  0.00000E+00  0.00000E+00  0.00000E+00  0.00000E+00  0.00000E+00  0.00000E+00  0.00000E+00  0.00000E+00
 OMEGA(5,1)    0.00000E+00  0.00000E+00  0.00000E+00  0.00000E+00  0.00000E+00  0.00000E+00  0.00000E+00  0.00000E+00  0.00000E+00  0.00000E+00  0.00000E+00  0.00000E+00  0.00000E+00  0.00000E+00  0.00000E+00  0.00000E+00  0.00000E+00  0.00000E+00  0.00000E+00  0.00000E+00  0.00000E+00  0.00000E+00  0.00000E+00  0.00000E+00
 OMEGA(5,2)    0.00000E+00  0.00000E+00  0.00000E+00  0.00000E+00  0.00000E+00  0.00000E+00  0.00000E+00  0.00000E+00  0.00000E+00  0.00000E+00  0.00000E+00  0.00000E+00  0.00000E+00  0.00000E+00  0.00000E+00  0.00000E+00  0.00000E+00  0.00000E+00  0.00000E+00  0.00000E+00  0.00000E+00  0.00000E+00  0.00000E+00  0.00000E+00
 OMEGA(5,3)    0.00000E+00  0.00000E+00  0.00000E+00  0.00000E+00  0.00000E+00  0.00000E+00  0.00000E+00  0.00000E+00  0.00000E+00  0.00000E+00  0.00000E+00  0.00000E+00  0.00000E+00  0.00000E+00  0.00000E+00  0.00000E+00  0.00000E+00  0.00000E+00  0.00000E+00  0.00000E+00  0.00000E+00  0.00000E+00  0.00000E+00  0.00000E+00
 OMEGA(5,4)    0.00000E+00  0.00000E+00  0.00000E+00  0.00000E+00  0.00000E+00  0.00000E+00  0.00000E+00  0.00000E+00  0.00000E+00  0.00000E+00  0.00000E+00  0.00000E+00  0.00000E+00  0.00000E+00  0.00000E+00  0.00000E+00  0.00000E+00  0.00000E+00  0.00000E+00  0.00000E+00  0.00000E+00  0.00000E+00  0.00000E+00  0.00000E+00
 OMEGA(5,5)    0.00000E+00  0.00000E+00  0.00000E+00  0.00000E+00  0.00000E+00  0.00000E+00  0.00000E+00  0.00000E+00  0.00000E+00  0.00000E+00  0.00000E+00  0.00000E+00  0.00000E+00  0.00000E+00  0.00000E+00  0.00000E+00  0.00000E+00  0.00000E+00  0.00000E+00  0.00000E+00  0.00000E+00  0.00000E+00  0.00000E+00  0.00000E+00
