list(seed = 3891)
